12
10 18 33 19 1 22 33 20 17 22 50 19
17 45 28 5 48 16 29 50 6 19 7 15
17 30 35 26 30 8 42 25 24 11 31 21
24 7 30 5 23 9 38 34 25 14 28 14
27 16 48 30 23 36 31 12 45 8 20 15
37 23 23 40 12 2 20 36 46 29 4 47
17 43 13 18 17 14 25 42 36 36 38 13
14 27 30 25 39 13 7 4 45 27 41 39
41 21 29 5 1 15 35 24 31 10 50 34
1 16 41 18 3 16 12 12 31 4 17 49
7 35 41 45 14 24 50 20 1 22 25 33
37 11 29 11 22 26 48 44 7 30 14 40
==> 94

12
32 6 29 24 46 24 20 6 24 37 46 38
20 16 36 27 20 5 36 4 4 19 3 14
2 29 21 43 49 27 27 31 27 25 27 2
14 14 15 41 46 30 48 22 35 19 42 34
12 37 33 30 22 36 13 15 32 35 17 49
18 39 40 47 7 27 39 14 40 18 16 36
27 35 42 43 5 42 16 23 33 25 7 43
8 34 36 1 13 34 24 18 28 48 17 43
36 5 45 9 34 35 37 45 20 23 27 37
9 24 48 34 29 8 14 20 49 35 50 15
45 27 28 12 9 14 2 26 40 46 27 3
2 6 2 29 33 40 47 20 50 50 43 40
==> 90

15
26 34 20 33 35 42 46 28 38 34 6 26 41 41 1
39 14 15 2 32 16 3 28 26 23 45 25 27 37 34
47 44 18 36 18 14 13 13 33 15 24 4 18 29 19
11 19 8 31 29 5 29 33 35 28 20 19 2 13 49
50 3 23 27 15 46 41 3 9 13 41 14 15 18 1
12 17 31 50 23 26 38 30 21 28 30 30 20 47 42
25 16 45 38 6 50 8 40 27 48 49 39 40 36 12
31 29 43 11 7 26 16 45 10 17 18 22 29 49 34
4 29 3 32 49 44 4 3 16 42 15 25 14 32 15
33 37 19 44 4 36 39 3 21 30 5 34 37 26 6
41 39 22 11 21 46 22 19 31 14 47 7 37 21 15
44 35 9 36 31 2 1 35 45 14 9 5 17 35 11
28 42 3 48 49 9 35 36 37 26 28 30 48 28 14
4 13 38 50 37 32 47 41 28 10 14 40 24 22 31
21 49 3 15 40 29 26 26 16 26 7 18 34 38 8
==> 90

16
4 2 27 29 9 47 41 9 1 2 6 33 36 36 25 19
4 36 3 50 26 47 36 37 14 12 10 28 42 6 34 38
33 20 6 46 33 32 26 6 38 23 27 42 50 44 42 13
46 4 9 9 12 20 8 43 46 42 38 11 19 17 32 31
50 7 17 22 18 22 1 18 39 10 34 22 24 43 36 11
16 19 29 50 36 45 11 11 36 23 13 23 42 24 27 40
24 8 31 5 31 49 39 34 2 50 9 30 21 37 35 11
4 12 20 6 44 17 8 5 16 46 19 26 20 24 7 40
40 49 48 11 33 42 50 44 29 8 1 47 44 9 23 12
31 31 17 10 9 14 15 41 27 47 4 31 34 33 48 7
15 46 22 41 8 41 3 25 14 27 41 7 37 50 11 50
18 1 20 49 26 7 42 23 35 42 30 10 9 5 17 19
1 32 21 3 12 33 20 41 42 41 25 44 35 48 26 31
2 7 33 16 16 10 37 24 9 24 27 31 6 27 1 27
25 14 27 37 12 45 35 8 40 18 49 32 12 20 50 30
2 47 35 36 22 2 42 21 14 14 39 33 12 13 38 15
==> 80

20
2 24 14 32 16 27 29 27 28 18 19 5 24 6 12 41 44 37 7 12
11 23 47 16 2 45 7 28 19 16 8 48 30 11 21 32 20 2 6 4
8 16 18 1 7 42 42 40 35 46 50 47 37 43 1 26 40 26 11 26
14 9 12 5 42 8 16 12 37 36 31 35 1 44 13 11 49 41 23 35
11 41 32 14 21 1 49 12 35 5 50 19 41 33 26 23 1 15 42 28
31 42 36 16 13 9 1 39 16 38 23 14 43 33 44 21 25 44 32 34
13 49 7 13 5 8 32 25 3 2 45 26 48 8 40 33 31 8 36 48
28 7 32 30 1 2 23 39 33 26 39 14 38 1 7 12 21 8 13 24
29 26 46 33 20 18 10 26 23 7 29 47 1 22 33 30 39 30 45 35
4 18 42 32 37 33 31 48 6 42 32 48 20 13 26 4 7 31 32 38
26 42 46 23 33 46 14 37 41 22 7 17 15 48 40 18 22 27 2 27
41 26 7 35 20 9 36 22 19 23 33 46 24 33 17 22 22 9 22 3
44 16 16 42 28 40 26 9 31 13 32 21 6 26 10 20 20 46 5 47
16 6 33 35 50 42 22 20 48 48 43 26 26 38 21 40 2 29 11 40
26 26 40 11 32 11 10 46 12 46 33 1 41 31 23 37 36 10 1 25
42 17 7 33 6 34 9 44 43 31 50 4 27 6 4 10 47 21 27 35
37 12 27 2 48 1 3 8 49 36 3 16 28 6 14 9 14 37 41 39
43 2 39 9 42 41 44 1 11 49 44 24 13 3 21 11 31 22 14 23
15 6 15 3 20 44 22 36 47 30 38 27 40 15 29 5 41 28 47 38
2 41 30 40 31 14 5 34 26 36 5 11 33 8 34 26 24 27 32 7
==> 64

20
48 12 18 39 48 15 17 31 15 31 48 21 6 29 40 31 48 46 19 27
38 30 28 17 35 28 14 12 49 44 3 1 6 31 48 40 32 31 26 29
15 48 47 17 34 36 20 19 15 46 12 26 42 20 23 16 2 28 33 11
1 31 16 11 8 25 38 11 5 17 25 46 27 25 42 22 18 32 19 10
10 14 35 28 6 40 5 30 2 48 14 21 9 14 47 47 46 43 13 44
47 3 43 25 43 26 29 18 5 2 31 42 38 45 5 4 48 29 6 5
25 48 44 28 42 3 10 17 35 46 35 33 12 18 13 48 33 37 48 49
12 49 32 43 8 32 8 26 46 32 9 41 18 31 5 37 22 39 48 1
48 6 29 28 31 47 49 15 3 25 28 46 2 13 17 27 24 26 11 17
32 25 26 20 33 25 48 26 28 37 1 11 16 23 37 30 24 38 48 43
20 36 7 12 9 36 10 25 27 25 44 40 12 14 36 31 17 9 3 38
17 25 44 34 10 26 31 27 18 2 4 42 6 40 42 5 6 34 34 25
33 5 39 10 33 32 18 33 3 34 21 7 48 8 19 23 42 20 17 27
46 9 11 35 42 8 6 49 25 1 30 33 2 21 45 45 2 36 30 2
32 16 30 1 44 4 15 20 47 8 50 7 19 28 13 20 31 1 35 5
7 11 36 40 27 36 38 13 14 18 34 4 7 14 42 25 44 12 18 17
35 50 16 16 18 34 18 27 1 9 17 39 50 34 8 25 35 29 13 26
3 11 2 37 32 35 17 21 1 33 19 13 23 24 2 4 16 1 16 43
24 1 20 19 5 46 13 38 50 18 16 27 32 8 10 6 6 25 35 32
39 7 16 42 37 30 11 41 10 44 33 40 6 8 14 14 19 7 22 47
==> 78