67
0.368421052631579 -0.746031746031746
0.42105263157894735 -0.873015873015873
0.4736842105263157 -0.7777777777777778
0.3157894736842104 -0.8095238095238095
0.26315789473684204 -0.873015873015873
0.42105263157894735 -0.8095238095238095
0.21052631578947367 -0.7777777777777778
0.368421052631579 -0.746031746031746
0.26315789473684204 -0.873015873015873
0.26315789473684204 -0.7777777777777778
0.5789473684210527 -0.8095238095238095
0.21052631578947367 -0.8095238095238095
0.05263157894736836 -0.873015873015873
-0.10526315789473684 -0.9047619047619048
0.3157894736842104 -0.8412698412698413
0.4736842105263157 -0.8095238095238095
-0.4736842105263157 -0.8095238095238095
0.8421052631578947 -0.6825396825396826
0.5789473684210527 -0.8095238095238095
-0.05263157894736836 -0.8412698412698413
-0.05263157894736836 1.0
-1.0 -0.6825396825396826
-0.3157894736842105 -0.9047619047619048
0.05263157894736836 -0.873015873015873
0.10526315789473695 -0.8095238095238095
0.10526315789473695 -0.873015873015873
0.3157894736842104 -0.8095238095238095
0.1578947368421053 -0.873015873015873
-0.1578947368421053 -0.9047619047619048
0.05263157894736836 -0.8412698412698413
-0.10526315789473684 -0.8095238095238095
0.21052631578947367 -0.873015873015873
0.368421052631579 -0.873015873015873
-0.42105263157894735 -0.9047619047619048
-0.368421052631579 -0.873015873015873
-0.5263157894736842 -0.873015873015873
0.10526315789473695 -0.873015873015873
0.6842105263157894 -0.746031746031746
0.26315789473684204 -0.8412698412698413
-0.26315789473684204 -0.8412698412698413
0.21052631578947367 -0.8412698412698413
0.9999999999999998 -0.6825396825396826
0.1578947368421053 -0.9047619047619048
0.26315789473684204 -0.7777777777777778
0.631578947368421 -0.6825396825396826
-0.42105263157894735 -0.8095238095238095
0.1578947368421053 -0.873015873015873
-0.26315789473684204 -0.8095238095238095
-0.26315789473684204 -0.873015873015873
-0.42105263157894735 -0.8412698412698413
-0.42105263157894735 -0.8095238095238095
-0.42105263157894735 -0.8095238095238095
0.1578947368421053 -0.873015873015873
-0.3157894736842105 -0.873015873015873
0.3157894736842104 -0.873015873015873
0.4736842105263157 -0.7777777777777778
0.368421052631579 -0.7777777777777778
0.21052631578947367 -0.873015873015873
-0.4736842105263157 -0.8095238095238095
0.3157894736842104 -0.873015873015873
-0.42105263157894735 -0.8095238095238095
0.26315789473684204 -0.8095238095238095
-0.5789473684210527 -0.8095238095238095
0.3157894736842104 -0.8095238095238095
-0.1578947368421053 -1.0
0.4736842105263157 -0.6825396825396826
0.3157894736842104 -0.9365079365079365
